x=0.001057133
y=0.1042561
z=-0.0736331
rx=272.3893
ry=286.1903
rz=254.3431
fov=62.26534
near=0.1
far=1000
smaa=2
r=255
g=0
b=255